32
0.56247184606169387 0.5292333128642438 0.75933919875371181 0.10783292165704095 0.53224621258823035 0.88758818210806156 0.33181266605818893 0.84655861916959252 0.28806228369762665 0.014818609239618197 0.41710827020634078 0.89508526792109699 0.82852092576633163 0.21750179090720045 0.36807198065747504 0.81710228509716587 0.91604808623893752 0.5789253136651682 0.45345171132025164 0.86290593497956181 0.50471842363602759 0.20848593257637194 0.051271237705978967 0.59140802149553739 0.61919942029799302 0.011841886882518526 0.89900318889045006 0.77392462871063705 0.0021189524656562986 0.25411102513963957 0.94047720196185491 0.68691140779187432
0.15223453987479574 0.30145585357047366 0.30709213297542715 0.79996058098630485 0.1983776392641643 0.66392452461191354 0.064025962469031139 0.44191401778928774 0.51263549199171543 0.83920082333038271 0.32245488900761665 0.092573787749091085 0.60163206981531403 0.54482445276172009 0.20566629393698455 0.67244405926521855 0.91959305671433167 0.78267104750196692 0.97657791983787312 0.88071030747536783 0.43155796679648772 0.41885938658850441 0.89223986387942 0.35383750288284088 0.24630022062273038 0.32964715958496149 0.59297865154811225 0.37437415256403506 0.98186971565992698 0.7815901721286691 0.57082761291984463 0.81671170366732282
0.69079864225346432 0.10130736676434438 0.13052215258666211 0.71922225286360952 0.2159488532685292 0.93339652234147119 0.73878195571801142 0.11658512042338942 0.19493212212589939 0.47333701542160855 0.79886889476639533 0.92027352834561937 0.13926593702326728 0.80230172562962487 0.23823187868293794 0.6120241263094629 0.039692146489663238 0.50447987719931464 0.07698710418008059 0.30683692770990412 0.4277428238077382 0.19661351630222745 0.050411761069468097 0.40714296661744231 0.76858242898132467 0.95998718638050751 0.092433525768628066 0.58797263844810244 0.036718572034625585 0.10200059790842952 0.2010140340043739 0.51531790191235316
0.88581895914708153 0.97263237645301981 0.20784680260254984 0.45241647465213386 0.15450996478980727 0.85794740600546471 0.046107681173962911 0.9254306370111316 0.76276996944968578 0.66456080312057364 0.097461275421183213 0.32156880147872913 0.46214741670170867 0.30037868427826508 0.61778921047831259 0.80300644575070534 0.39476068699962219 0.89211445523475807 0.72244858455539152 0.93269728126154461 0.89135630374469876 0.27769438979476913 0.97374311132162761 0.99404214326469498 0.9989036657424073 0.95931845743589372 0.01308847729543261 0.39150193218129536 0.19301010490180437 0.74127113142967649 0.92437914766680873 0.13691953260603018
0.80683637505414441 0.70038926376604904 0.57122316180057753 0.33806524529954085 0.84415417075766508 0.44441225485148661 0.34448490977533419 0.18868823835340731 0.081455933237822076 0.63260762618919586 0.079989035714902124 0.68959597867085143 0.13503617327366746 0.93419509836050219 0.4372049881283685 0.3908409406265726 0.014985523889156416 0.66591552289088929 0.82544704899780075 0.5246029975329155 0.9917507177922984 0.28830556663578844 0.49693957222039864 0.63944459043431023 0.55695106911328474 0.70913342044539462 0.8697935354934726 0.43505901349565324 0.97350407736354228 0.14404091972603106 0.79603480976505347 0.87623138544985335
0.45833035096607921 0.26603145779551318 0.42092180919349631 0.60945454887012374 0.040710178159965693 0.95197038071534867 0.76539268759541434 0.7461282855045489 0.18607548723374134 0.48455001863591896 0.58117327960411158 0.082011974369524676 0.49253669773638975 0.29158439899736988 0.80873559681874052 0.59168237225810438 0.14244674805485269 0.89652623859809566 0.83733324708942647 0.82852647204753715 0.35040159351441436 0.0013030108168121668 0.33068816365663734 0.75865313648406696 0.49392973972873133 0.1094752542148193 0.48454599051895741 0.065301053399608344 0.92546107746391049 0.26502642242496133 0.6923600467701716 0.89005452733808377
0.13377094989979921 0.4448497115344372 0.54410703800701332 0.23164370347940288 0.62873742976682567 0.47455831250336145 0.53582533570079727 0.75446168778577016 0.73159827537563704 0.98304014993659927 0.3697236333478513 0.62472534000370306 0.11267878758773864 0.50779329610984791 0.26637033864989446 0.095004803407727434 0.72371363414355172 0.61740653617552987 0.29375585928441628 0.45535420632900259 0.99301473114071193 0.63737174923236783 0.95971112189875396 0.6861069008951729 0.31314740400834906 0.73307237690570048 0.9772043844557361 0.19398266900832661 0.27149615325657206 0.86239274505025554 0.039959515711549987 0.54789837172666933
0.52067299414384016 0.29900147330068172 0.91237619402638337 0.35955904470395728 0.30360334290417723 0.034792815311713188 0.51404924060649726 0.93927943487192989 0.85197595741464172 0.18201642638922844 0.62833601533642658 0.29007170162425699 0.29151566258418171 0.86307527681094087 0.1958570769201704 0.35862936170330995 0.66166697204628344 0.90277779445908468 0.55655572444177137 0.83909934462346614 0.71810459336529453 0.0044372370369768488 0.31020701440397958 0.1289318493949112 0.49136524522304237 0.46369940109233132 0.93902537077284576 0.74453950441718109 0.84171463538909996 0.38227217442330041 0.28502358270888262 0.37070485990852298
0.7123534178191181 0.83888779567798732 0.59022909856526073 0.28150190398163588 0.59971214284645458 0.058406627022697499 0.426850671123435 0.99826823919783902 0.13395683875067099 0.1642600906905084 0.63711276733603173 0.27035573372651978 0.64871188610247521 0.7393220421558967 0.18871989118564558 0.045088324253206968 0.7218622051448792 0.09928742544921465 0.64786310794773139 0.065799907743897212 0.016021191354100517 0.93614829631732099 0.62187062193454934 0.01103181768901762 0.89864118841549367 0.17606479845495004 0.37353538525486707 0.59677820294973516 0.012098527446202212 0.57505933142305998 0.50716996881756948 0.30821258368992477
0.322618185485678 0.013148882896035219 0.32995738501337868 0.53506623190698899 0.92933473625621521 0.65423238891731095 0.02044276076339846 0.6220533034776663 0.25271627888349413 0.42255562661917379 0.36526270085039969 0.10656628813197899 0.95054347510623483 0.76997333103923327 0.37824352504060088 0.88762671057274578 0.87879761134595213 0.087679124442979872 0.42912108040181585 0.78500471098048286 0.066018000917122621 0.92221099739533097 0.48431751188637073 0.10828265234225987 0.54632948332327247 0.72867734493027991 0.15294196870559196 0.33679326925548136 0.83188460795092201 0.80833815086748817 0.22909928485765696 0.34365425750655332
0.38023325050879941 0.49431617929438132 0.08136485139071914 0.89713661724463345 0.038494222319334193 0.42799423149596338 0.35613909932459531 0.41489625926552376 0.67422017484707986 0.11695121777131412 0.28785753170391692 0.52001381074428743 0.67613541364683039 0.8050258363121604 0.19996561515063183 0.98075038844348328 0.073358337074930002 0.42634124423840913 0.14580448051535677 0.13813094978730289 0.30681847495383774 0.69810743671451891 0.72126145854106827 0.234943679630776 0.95815927007182145 0.6977096474176725 0.42128634592329328 0.85012701942594127 0.96487206618722476 0.99479258258467118 0.19570586535870427 0.19965655495816814
0.81426967604692335 0.22516227246073861 0.088590832464353508 0.74337346298495555 0.073329391827250179 0.87744853674043932 0.87259957339512473 0.71159177601340751 0.9053392637790354 0.29581898795349393 0.9083576295123964 0.36125862978561207 0.74354884370334073 0.48369123286421123 0.48329668945837523 0.51937839512513095 0.78809077006287098 0.12065092021495871 0.18281674233645073 0.30323920994639131 0.66822662338634331 0.64688909326781086 0.06833848884305016 0.075366518670205718 0.62651979150026194 0.4097959026630893 0.27025937266151179 0.91156999106098313 0.57900744307407059 0.28833765925570509 0.05289775702006938 0.031501466210837048
0.35864486481285951 0.61777322183378403 0.98549818971912362 0.08412083504571799 0.11293831925496278 0.61857226148114453 0.075588917881280193 0.022364898939838063 0.7118847780369254 0.11540874269840762 0.9170756525368402 0.7956674382410861 0.75799998081852649 0.053640169975076257 0.045319704021818175 0.62629404009555267 0.94271597101618498 0.46345508618358311 0.55206833116519771 0.80946352538839283 0.96122093799051045 0.34323014295563659 0.16584023470902354 0.91236949130325318 0.86588036853261952 0.13862489369162245 0.26981399939922468 0.65155795925997617 0.34815780725454648 0.79908472934116626 0.94752676044443362 0.50797122314000143
0.87830919313090849 0.89093042783970378 0.79315474412495601 0.63211303400252949 0.80459511379471205 0.030537172172241833 0.57985496775023126 0.18474855686367353 0.80296242379963978 0.84547684458384464 0.11792688759291636 0.39299654030832198 0.64244817732364956 0.53600664360941053 0.55771569834631207 0.27217966269017824 0.40903862237428357 0.38945959713473888 0.20862836393706896 0.43737458011924391 0.8452664730820878 0.19462903586581592 0.1596664767166317 0.76072192142578443 0.33858741272702952 0.39463937290083984 0.72807679274149417 0.95122471030107381 0.74791284531838675 0.54780037529402115 0.85720260629288836 0.24503329680463237
0.56158467282317126 0.36460559410516735 0.94520165977416581 0.88346427910062164 0.47452974225150857 0.09415611600881546 0.0020561967614378673 0.54480670117436769 0.49941102286597361 0.40514263187974642 0.96893547273726188 0.44837015123453561 0.88758212604957254 0.39286972779631624 0.85694852426613288 0.98055158508069584 0.24805384529771268 0.30341300301814456 0.79742231012527898 0.0011400549633263646 0.71956604336984442 0.0056724152118794446 0.77182636141906358 0.066791593819202189 0.27745760160318333 0.26079488466295186 0.13473524384095814 0.35612402554779798 0.33563174147748631 0.42035964508629453 0.89276572751246919 0.70748716005955237
0.23549738381962659 0.68805576948622105 0.76674891069294049 0.32196552736136519 0.22777605722677696 0.84697628522798596 0.11085344502383954 0.083048203303519363 0.51341928159363981 0.59858913069505337 0.17931612370895456 0.84198063319093541 0.11475771495518317 0.89902651216610863 0.77632207232879835 0.93894222654869708 0.41876886323345586 0.58065640471978974 0.84550474333695536 0.84555269239962683 0.34291929088896012 0.1547635142197743 0.53186726718254151 0.28752637105987733 0.81246006378491487 0.24438821817134149 0.21739110729717481 0.22645667235193223 0.26438001212645945 0.48529289102588147 0.030781819445074299 0.72768603374060936
0.38539467316837284 0.67102865103972398 0.17289408468480116 0.62396435263628003 0.54158656992604404 0.055994758659752564 0.33757807851955246 0.29285107341917571 0.18585668815269085 0.36945313470276664 0.38056749869552087 0.67488257506377036 0.89808332180570438 0.50261922242923662 0.50994055845494302 0.82048595467214724 0.78519026597208097 0.0055818025707981 0.31099480755016284 0.76389565041851593 0.49698510425069908 0.29885424748194611 0.047781265796648875 0.95257260913650066 0.60137681689394995 0.97186462150767461 0.56201318043215109 0.31120665621578714 0.67730240032080347 0.68911951886225187 0.82920941202162635 0.18094291655482941
0.69540931307896503 0.40521115659724882 0.077304627513840596 0.075545944561608902 0.98080470003275222 0.96320809100525262 0.37611199673964713 0.057198890391320867 0.51552647070956359 0.75867348965443993 0.69552104589083208 0.14905610272840042 0.31625234046018991 0.88277801880797424 0.71701043873678483 0.28795193697872135 0.83630914731042438 0.99426941094174726 0.85436625745711947 0.8245563843026229 0.60263333033119193 0.36056910900132699 0.79635763250167257 0.65449568441309414 0.72029038016774227 0.51245650245729824 0.11535950360460578 0.6269681341433947 0.78052573982313511 0.97429568831961122 0.99179681897302041 0.66550773788692852
0.45893876077758422 0.091736007676036624 0.24728227288882776 0.51420444314716185 0.29382083258855618 0.024148120621310221 0.026051341216518309 0.73993609750465605 0.9139665083184777 0.8108555238547458 0.58900161728183609 0.68360728212152677 0.60950490635954913 0.6438127963215875 0.44366109790811337 0.029856121865109664 0.78353623045161169 0.84229991834190177 0.90205247626481944 0.52306986452305104 0.80545093385397337 0.80375625041956755 0.21753308182429332 0.6405628453573512 0.59221468953976719 0.33823020140753957 0.31749010425599755 0.54108872270601593 0.77894548545481002 0.42430939577407178 0.95237103908694076 0.87776961241757956
0.19078174060004893 0.40616497683564678 0.84403692921390949 0.47716034529105966 0.2592318421223081 0.30902901208336209 0.71429427803602419 0.033212560633904764 0.8715221296876664 0.21337931398455912 0.15093750833629227 0.56398342630476694 0.82987039151143971 0.70568959831157263 0.55719992962432341 0.25753766281697976 0.96644621453906765 0.25845415930255422 0.031272956263168616 0.27473261473935284 0.90559603382389042 0.79666359790511387 0.4764123450150608 0.22510852706121176 0.83969525187235239 0.5716606578956086 0.92886418746733357 0.48945632881147527 0.19212674364729954 0.037642394159220438 0.64713130263896557 0.82041894450451391
0.91892753435629593 0.55174820422509685 0.9497358253591347 0.77725316351725238 0.79425431345555886 0.41570351207713752 0.24524187035935641 0.28414349203983391 0.54705629329642746 0.22206271431099378 0.97564212583067167 0.66065773434173114 0.29081759292809306 0.56065915760730889 0.77840464396591869 0.38826592342230049 0.214597483884445 0.050031809763226964 0.29283593983200962 0.70310223597607036 0.41337817994041703 0.71735801799385179 0.51653129127291497 0.66272956353475621 0.63608422934278019 0.70909681681513981 0.22319691698927946 0.27394163475378375 0.83659908217864665 0.24405520338446141 0.50823584406436362 0.54466465682553344
0.64474393978706734 0.24367295103826381 0.651755459634206 0.14961306066390989 0.32420108553463778 0.83755657794582861 0.79470050184085295 0.0047635664008564005 0.65052851674490952 0.34005050590470021 0.18338966760521114 0.16231561105989423 0.38355116104322362 0.50570318049626906 0.46601061879127836 0.93856927417923863 0.25920661245488719 0.039336660458523909 0.29732850817146783 0.41980718010819573 0.75198417721839672 0.97506293678071676 0.24249781832741391 0.4617172918587189 0.50756378248899536 0.13960529367721553 0.78833218004461469 0.68979251191699709 0.28755633277320314 0.9154358713236459 0.8536554859030584 0.25850496233277265
0.5134124582220817 0.80594267967008015 0.67991336084927145 0.20323791648212952 0.9332070456827104 0.81885644505599231 0.93041635207301976 0.28018901400802176 0.13561974318124914 0.32949851473840652 0.77151949367255779 0.030022136928839593 0.86763861645038709 0.93104795753186165 0.56050700233356365 0.44189958402937368 0.55343628974165537 0.082103302275934098 0.76515869395205993 0.92005801021268829 0.17817386794429146 0.57641385324517891 0.33736157351170004 0.89317467482943602 0.41633894416953199 0.73556037678531438 0.83214848412138609 0.17504655518069623 0.31251691844455931 0.98669150265865746 0.31886914719136816 0.99222582271870707
0.22769264920432009 0.16763372302827073 0.86117003824932914 0.68182740924682617 0.65259163207387083 0.94688795898394595 0.14496930786611018 0.78705835740469687 0.45307638936582173 0.77021094899803 0.37230826085813606 0.54212161525223845 0.16673839165557691 0.79996020004467194 0.26824055590306206 0.56452762743448859 0.62920066315027978 0.38285266816388586 0.96398235811156685 0.56879038682351402 0.77285968861616716 0.35086613159204039 0.97038070909249319 0.57130949987480673 0.73970283134286186 0.59700418917186859 0.1112998185814088 0.82861311577010677 0.67269616052588321 0.9630226042222706 0.70574199880388966 0.81672899909523777
0.310158060129339 0.70025257208468838 0.77932239465653297 0.63120387346774598 0.85704547473078696 0.22907177595212302 0.30948422999041292 0.29978912238449806 0.76233626470496552 0.94299647745832837 0.19151348592847361 0.95568007912674191 0.21160432517959393 0.34462355099874009 0.056643951438658302 0.72216475181432194 0.51104450376926469 0.42453716328806324 0.57238940074015177 0.19460478667386294 0.9560728581547383 0.42324729234426728 0.81129760158880737 0.61795866174124447 0.67409059032035612 0.062500212720521642 0.31193956510299481 0.87944046926729424 0.17341450980588213 0.31479183786410481 0.7701053733769252 0.95215326105562015
0.69256360765112157 0.96181802794573745 0.94406363513592717 0.80872768693160979 0.79153645308624931 0.80150921472310344 0.72996414417765121 0.36825982676474012 0.61261056885960785 0.47673939097961293 0.34973875359955842 0.72823657904475503 0.0011023786189570117 0.70243810952120433 0.12194698983618157 0.93098692774851821 0.6727869817456722 0.42300988138792739 0.54709279070913897 0.092141191636987974 0.10080327032171255 0.13234544514707514 0.15048377369057797 0.75037914551579221 0.33808770983604564 0.90416411513266404 0.077981972674058819 0.80521103833826935 0.75420764155636821 0.066473364079550068 0.47237717480896191 0.89879072048330788
0.749427382397863 0.72013782103735802 0.59401378908913871 0.35083118405055125 0.084100520243906907 0.47320574495975809 0.3141226970597315 0.44136828608824097 0.085905725584271009 0.20417117499054038 0.68144310975391831 0.23513857274305561 0.28798137478379615 0.55754989401407928 0.89515946536140756 0.70308415792098233 0.015227627252520914 0.38448406727440798 0.6181037570135508 0.14117218451539904 0.71051987637331904 0.034887935156384331 0.1528896121729495 0.17445817424383481 0.71126992236364361 0.33473717261905367 0.96609555161490823 0.78060504973004086 0.47660158285990073 0.72459703806724374 0.97811440571512409 0.18315850277447987
0.68005881324583572 0.5866078153549914 0.43194280594203216 0.78760102447061964 0.011753314667699355 0.12603600763415634 0.20524266348847642 0.93187886173846701 0.28758797510170919 0.1840304405798685 0.96167538706113853 0.50417733652565278 0.27368539467330077 0.55782235751293241 0.6782411373993904 0.66816764689945951 0.78109026688372163 0.30158986740965665 0.61650004654302304 0.6810728061100626 0.56774824881662378 0.33338686736709244 0.82772798117417323 0.6008019270282966 0.18461289296402283 0.73043905818794608 0.15472429878400518 0.69487547009003603 0.75427356541919088 0.4114650168692956 0.35490228127232248 0.44429442050618928
0.78162352118346512 0.20628102567988305 0.14392115393000682 0.55989104603014983 0.08648356450619954 0.82154266399219589 0.063708840343088213 0.6097055888656967 0.18136216271736505 0.57435189158930022 0.44754244031485257 0.35575874427561005 0.057537102437893339 0.74259147210953935 0.58571816804413346 0.74963439532986875 0.43460169157203898 0.77940908248656116 0.93762002739709305 0.76046542101208114 0.89543434488353912 0.22158457634649287 0.70431759389775794 0.39174177322929704 0.71141883410717965 0.049784841578822348 0.97330479053877672 0.64641647730604568 0.71991310511390316 0.83084546767010725 0.59468580233559054 0.95688034331723937
0.019171270494493298 0.83164604001389275 0.2977408595553892 0.05846622877616392 0.42242686997552259 0.49449444118302166 0.13685888167837934 0.38467862184108237 0.10082627374339193 0.74999803527027575 0.38915920489166334 0.87209738211784171 0.8557111096057316 0.53865580776811572 0.72115110998666287 0.031942257514738226 0.63892031666305371 0.78045581569740741 0.29259768997394942 0.64974526684051404 0.31396381462428569 0.60284892625286923 0.20817420689934274 0.5514617667527838 0.79974324163226218 0.18970510748230607 0.15098254024748414 0.94279275365092896 0.068711880447576257 0.73840130668427029 0.19931431262880039 0.13921634762639201
0.95057634838327787 0.65780284775520892 0.78758884276348273 0.07706416808251626 0.65907208253856653 0.024314599808558324 0.22297737759556358 0.34421114045410894 0.56722930232737379 0.92905586417236208 0.95279414054678269 0.038419732538499507 0.64938282808161174 0.43871510903445987 0.32768947458135522 0.49339568490589447 0.6998349107305244 0.89265650152743636 0.56626624417189275 0.919576660526361 0.19725798290898355 0.34618774976778888 0.36111063872172799 0.90396860750178964 0.91487943591309628 0.21827228686887956 0.89227089614377852 0.097294166783350455 0.58196380146262006 0.060121784072956763 0.1750318324786907 0.9130638844007315
0.8029913094275698 0.52782552124786741 0.37163728793666095 0.017283588257653193 0.71770315966609577 0.020190536902565781 0.61779052686213787 0.9256079063921735 0.027385032508898344 0.50838618005497105 0.1321199699016663 0.70041417764594027 0.32779032894562721 0.70188577433842481 0.26195993247622207 0.82526427592833218 0.66890016544536668 0.51816549224545094 0.36602486981137428 0.42152967348290404 0.84065134192696589 0.88642500977206384 0.068251413951379236 0.93673901067929155 0.12295822019518909 0.8909370006646623 0.98824163917134933 0.60244685133468867 0.72063425099279332 0.78512906330869892 0.71656313577380992 0.2318115830150882
