#
# iter 1: 2.5648179802797259e-14
# iter 2: 4.2769987296979752e-15
# iter 3: 3.9316911602154241e-15
# iter 4: 3.926769942256784e-15
# iter 5: 4.8911507522793273e-15
# iter 6: 4.4344214790675764e-15
# iter 7: 3.5914579697183835e-15
# iter 8: 4.5152768649459954e-15
# iter 9: 4.7848399469028018e-15
# iter 10: 4.2006729472211396e-15
# Tempo LU: 0.010010
# Tempo iter: 0.038086
# Tempo residuo: 0.001636
#
10
1.0537901173075073 3.7959377479234893 -1.5634141521916218 0.29740710528876835 1.8069451779244845 0.29920742878667056 -0.56778617101882156 -2.2195151212988282 -4.8583202531859202 2.1465370943425195 
-0.74387090399738764 -0.90107105213777694 0.62050279253656759 1.4890733233513036 -0.53170958464348106 0.021928292292194316 -0.93948401872329568 0.49165086048438172 0.23348010619600282 0.026458660548700576 
-0.074313711159705684 -0.54213542221380484 0.13829702977885983 1.1269925130832994 0.52424386278319446 -0.66708857466142557 0.15910328998263673 -0.10571388904374145 -0.47612295189187287 -0.074346701728900483 
-1.6756005007447676 -4.5313833950222451 3.2742843494945735 -2.3741581051196889 -2.0994550964468255 -0.65902511322374746 0.53540563231319338 4.0902819143811389 6.2001817251699975 -2.1054282500941794 
0.82443918896791746 3.2897546504956749 -1.998345081547712 1.7376024548014515 0.21292380589360255 0.47985636904449863 -0.23318614036390004 -3.2201712784352079 -3.5591464152116119 1.9154705537499037 
0.7313607059241265 0.64924374201659962 -0.013214938099392483 -0.44544884774752963 0.39261634108386595 0.50681519661797991 0.11874571808905911 -0.39043670323757623 -1.5159320171867174 -0.0048066482549756163 
2.3014301098774315 4.7390173296284637 -3.0968354493427919 0.39845183897599856 1.8601209100503748 0.23698094441626488 0.32619703233765285 -3.0769700560216369 -4.7554572499516512 1.3230061231408206 
0.46445634291661508 1.936342611024646 -0.65261905659442032 -0.56173480633802431 0.58158390547949668 0.4317206673474614 0.49594575240758998 -1.3067031824574007 -0.75660848516039292 -0.5828934603315552 
-1.3270825734278 -5.1981922866998884 2.4020515511384875 -0.90488479083270312 -1.4579676693609211 -0.45975099371710848 -0.20917125827891225 3.546327461050252 5.969068918040815 -1.6029928361266823 
-0.25587259643715132 -0.092344216510276383 -0.55744418184026556 0.069270226971321611 0.3099842225633227 0.27012718075139663 0.39379558425603478 0.3580161566568516 -0.32380971329691621 0.40466527934582303 
